{
 "cells": [
  {
   "cell_type": "code",
   "execution_count": 1,
   "id": "2cbccea4",
   "metadata": {},
   "outputs": [],
   "source": [
    "import numpy as np"
   ]
  },
  {
   "cell_type": "code",
   "execution_count": 25,
   "id": "b5793b3b",
   "metadata": {},
   "outputs": [],
   "source": [
    "def tactile(x, y, M=40, N=20, d=0.5, I_0=2.5, sigma_I=0.3):\n",
    "    region = np.zeros((M,N))\n",
    "    \n",
    "    for i in range(len(region)):\n",
    "        for j in range(len(region[i])):\n",
    "            I = I_0 * np.exp( - ((x - 0.5*i)**2 + (y - 0.5*j)**2) / (2 * (sigma_I**2)))\n",
    "            \n",
    "            region[i][j] = I\n",
    "    \n",
    "    return region\n",
    "    \n",
    "def auditory(M=20, N=3, d=10):\n",
    "    region = np.zeros((M,N))"
   ]
  },
  {
   "cell_type": "code",
   "execution_count": 27,
   "id": "a8819117",
   "metadata": {},
   "outputs": [
    {
     "data": {
      "text/plain": [
       "array([[1.60295097e+000, 1.21417946e+000, 5.71836623e-002,\n",
       "        1.67450901e-004, 3.04880361e-008, 3.45142031e-013,\n",
       "        2.42936455e-019, 1.06319755e-026, 2.89308828e-035,\n",
       "        4.89481006e-045, 5.14916063e-056, 3.36793325e-068,\n",
       "        1.36967318e-081, 3.46335384e-096, 5.44506686e-112,\n",
       "        5.32274927e-129, 3.23515610e-147, 1.22259020e-166,\n",
       "        2.87271816e-187, 4.19692849e-209],\n",
       "       [1.21417946e+000, 9.19698603e-001, 4.33146301e-002,\n",
       "        1.26838218e-004, 2.30936242e-008, 2.61433053e-013,\n",
       "        1.84015893e-019, 8.05335071e-027, 2.19141349e-035,\n",
       "        3.70764793e-045, 3.90030962e-056, 2.55109199e-068,\n",
       "        1.03747967e-081, 2.62336976e-096, 4.12444827e-112,\n",
       "        4.03179696e-129, 2.45051793e-147, 9.26069444e-167,\n",
       "        2.17598383e-187, 3.17902698e-209],\n",
       "       [5.71836623e-002, 4.33146301e-002, 2.03996959e-003,\n",
       "        5.97364232e-006, 1.08763000e-009, 1.23125945e-014,\n",
       "        8.66651348e-021, 3.79285025e-028, 1.03208012e-036,\n",
       "        1.74617421e-046, 1.83691122e-057, 1.20147628e-069,\n",
       "        4.88617117e-083, 1.23551662e-097, 1.94247279e-113,\n",
       "        1.89883722e-130, 1.15410937e-148, 4.36146747e-168,\n",
       "        1.02481329e-188, 1.49721199e-210],\n",
       "       [1.67450901e-004, 1.26838218e-004, 5.97364232e-006,\n",
       "        1.74926150e-008, 3.18490658e-012, 3.60549667e-017,\n",
       "        2.53781488e-023, 1.11066022e-030, 3.02223991e-039,\n",
       "        5.11332142e-049, 5.37902657e-060, 3.51828264e-072,\n",
       "        1.43081736e-085, 3.61796294e-100, 5.68814248e-116,\n",
       "        5.56036446e-133, 3.37957812e-151, 1.27716839e-170,\n",
       "        3.00096044e-191, 4.38428541e-213],\n",
       "       [3.04880361e-008, 2.30936242e-008, 1.08763000e-009,\n",
       "        3.18490658e-012, 5.79880708e-016, 6.56458174e-021,\n",
       "        4.62063752e-027, 2.02219568e-034, 5.50263742e-043,\n",
       "        9.30990082e-053, 9.79367416e-064, 6.40578984e-076,\n",
       "        2.60511057e-089, 6.58727925e-104, 1.03564861e-119,\n",
       "        1.01238388e-136, 6.15324845e-155, 2.32535959e-174,\n",
       "        5.46389357e-195, 7.98253405e-217],\n",
       "       [3.45142031e-013, 2.61433053e-013, 1.23125945e-014,\n",
       "        3.60549667e-017, 6.56458174e-021, 7.43148253e-026,\n",
       "        5.23082633e-032, 2.28924134e-039, 6.22930073e-048,\n",
       "        1.05393410e-057, 1.10870001e-068, 7.25172100e-081,\n",
       "        2.94913438e-094, 7.45717741e-109, 1.17241355e-124,\n",
       "        1.14607653e-141, 6.96582968e-160, 2.63244025e-179,\n",
       "        6.18544047e-200, 9.03668576e-222],\n",
       "       [2.42936455e-019, 1.84015893e-019, 8.66651348e-021,\n",
       "        2.53781488e-023, 4.62063752e-027, 5.23082633e-032,\n",
       "        3.68184194e-038, 1.61133715e-045, 4.38464198e-054,\n",
       "        7.41836666e-064, 7.80384960e-075, 5.10429688e-087,\n",
       "        2.07581861e-100, 5.24891228e-115, 8.25231255e-131,\n",
       "        8.06693319e-148, 4.90306546e-166, 1.85290589e-185,\n",
       "        4.35376989e-206, 6.36068693e-228],\n",
       "       [1.06319755e-026, 8.05335071e-027, 3.79285025e-028,\n",
       "        1.11066022e-030, 2.02219568e-034, 2.28924134e-039,\n",
       "        1.61133715e-045, 7.05192522e-053, 1.91891358e-061,\n",
       "        3.24660590e-071, 3.41531032e-082, 2.23386645e-094,\n",
       "        9.08470188e-108, 2.29715655e-122, 3.61157757e-138,\n",
       "        3.53044735e-155, 2.14579866e-173, 8.10913706e-193,\n",
       "        1.90540259e-213, 2.78371839e-235],\n",
       "       [2.89308828e-035, 2.19141349e-035, 1.03208012e-036,\n",
       "        3.02223991e-039, 5.50263742e-043, 6.22930073e-048,\n",
       "        4.38464198e-054, 1.91891358e-061, 5.22159441e-070,\n",
       "        8.83440473e-080, 9.29346971e-091, 6.07861900e-103,\n",
       "        2.47205653e-116, 6.25083898e-131, 9.82753649e-147,\n",
       "        9.60677141e-164, 5.83897597e-182, 2.20659362e-201,\n",
       "        5.18482937e-222, 7.57483221e-244],\n",
       "       [4.89481006e-045, 3.70764793e-045, 1.74617421e-046,\n",
       "        5.11332142e-049, 9.30990082e-053, 1.05393410e-057,\n",
       "        7.41836666e-064, 3.24660590e-071, 8.83440473e-080,\n",
       "        1.49469110e-089, 1.57236021e-100, 1.02844029e-112,\n",
       "        4.18246731e-126, 1.05757815e-140, 1.66271886e-156,\n",
       "        1.62536766e-173, 9.87895132e-192, 3.73333117e-211,\n",
       "        8.77220203e-232, 1.28158429e-253],\n",
       "       [5.14916063e-056, 3.90030962e-056, 1.83691122e-057,\n",
       "        5.37902657e-060, 9.79367416e-064, 1.10870001e-068,\n",
       "        7.80384960e-075, 3.41531032e-082, 9.29346971e-091,\n",
       "        1.57236021e-100, 1.65406526e-111, 1.08188146e-123,\n",
       "        4.39980219e-137, 1.11253342e-151, 1.74911925e-167,\n",
       "        1.70982716e-184, 1.03922944e-202, 3.92732744e-222,\n",
       "        9.22803476e-243, 1.34817966e-264],\n",
       "       [3.36793325e-068, 2.55109199e-068, 1.20147628e-069,\n",
       "        3.51828264e-072, 6.40578984e-076, 7.25172100e-081,\n",
       "        5.10429688e-087, 2.23386645e-094, 6.07861900e-103,\n",
       "        1.02844029e-112, 1.08188146e-123, 7.07630775e-136,\n",
       "        2.87779721e-149, 7.27679434e-164, 1.14405382e-179,\n",
       "        1.11835387e-196, 6.79733192e-215, 2.56876365e-234,\n",
       "        6.03581969e-255, 8.81809566e-277],\n",
       "       [1.36967318e-081, 1.03747967e-081, 4.88617117e-083,\n",
       "        1.43081736e-085, 2.60511057e-089, 2.94913438e-094,\n",
       "        2.07581861e-100, 9.08470188e-108, 2.47205653e-116,\n",
       "        4.18246731e-126, 4.39980219e-137, 2.87779721e-149,\n",
       "        1.17034435e-162, 2.95933122e-177, 4.65264512e-193,\n",
       "        4.54812844e-210, 2.76434314e-228, 1.04466639e-247,\n",
       "        2.45465088e-268, 3.58614859e-290],\n",
       "       [3.46335384e-096, 2.62336976e-096, 1.23551662e-097,\n",
       "        3.61796294e-100, 6.58727925e-104, 7.45717741e-109,\n",
       "        5.24891228e-115, 2.29715655e-122, 6.25083898e-131,\n",
       "        1.05757815e-140, 1.11253342e-151, 7.27679434e-164,\n",
       "        2.95933122e-177, 7.48296113e-192, 1.17646725e-207,\n",
       "        1.15003917e-224, 6.98991454e-243, 2.64154210e-262,\n",
       "        6.20682707e-283, 9.06793074e-305],\n",
       "       [5.44506686e-112, 4.12444827e-112, 1.94247279e-113,\n",
       "        5.68814248e-116, 1.03564861e-119, 1.17241355e-124,\n",
       "        8.25231255e-131, 3.61157757e-138, 9.82753649e-147,\n",
       "        1.66271886e-156, 1.74911925e-167, 1.14405382e-179,\n",
       "        4.65264512e-193, 1.17646725e-207, 1.84963568e-223,\n",
       "        1.80808560e-240, 1.09895072e-258, 4.15301872e-278,\n",
       "        9.75834119e-299, 1.42537939e-320],\n",
       "       [5.32274927e-129, 4.03179696e-129, 1.89883722e-130,\n",
       "        5.56036446e-133, 1.01238388e-136, 1.14607653e-141,\n",
       "        8.06693319e-148, 3.53044735e-155, 9.60677141e-164,\n",
       "        1.62536766e-173, 1.70982716e-184, 1.11835387e-196,\n",
       "        4.54812844e-210, 1.15003917e-224, 1.80808560e-240,\n",
       "        1.76746889e-257, 1.07426397e-275, 4.05972561e-295,\n",
       "        9.53913046e-316, 0.00000000e+000],\n",
       "       [3.23515610e-147, 2.45051793e-147, 1.15410937e-148,\n",
       "        3.37957812e-151, 6.15324845e-155, 6.96582968e-160,\n",
       "        4.90306546e-166, 2.14579866e-173, 5.83897597e-182,\n",
       "        9.87895132e-192, 1.03922944e-202, 6.79733192e-215,\n",
       "        2.76434314e-228, 6.98991454e-243, 1.09895072e-258,\n",
       "        1.07426397e-275, 6.52935440e-294, 2.46749290e-313,\n",
       "        0.00000000e+000, 0.00000000e+000],\n",
       "       [1.22259020e-166, 9.26069444e-167, 4.36146747e-168,\n",
       "        1.27716839e-170, 2.32535959e-174, 2.63244025e-179,\n",
       "        1.85290589e-185, 8.10913706e-193, 2.20659362e-201,\n",
       "        3.73333117e-211, 3.92732744e-222, 2.56876365e-234,\n",
       "        1.04466639e-247, 2.64154210e-262, 4.15301872e-278,\n",
       "        4.05972561e-295, 2.46749290e-313, 0.00000000e+000,\n",
       "        0.00000000e+000, 0.00000000e+000],\n",
       "       [2.87271816e-187, 2.17598383e-187, 1.02481329e-188,\n",
       "        3.00096044e-191, 5.46389357e-195, 6.18544047e-200,\n",
       "        4.35376989e-206, 1.90540259e-213, 5.18482937e-222,\n",
       "        8.77220203e-232, 9.22803476e-243, 6.03581969e-255,\n",
       "        2.45465088e-268, 6.20682707e-283, 9.75834119e-299,\n",
       "        9.53913046e-316, 0.00000000e+000, 0.00000000e+000,\n",
       "        0.00000000e+000, 0.00000000e+000],\n",
       "       [4.19692849e-209, 3.17902698e-209, 1.49721199e-210,\n",
       "        4.38428541e-213, 7.98253405e-217, 9.03668576e-222,\n",
       "        6.36068693e-228, 2.78371839e-235, 7.57483221e-244,\n",
       "        1.28158429e-253, 1.34817966e-264, 8.81809566e-277,\n",
       "        3.58614859e-290, 9.06793074e-305, 1.42537939e-320,\n",
       "        0.00000000e+000, 0.00000000e+000, 0.00000000e+000,\n",
       "        0.00000000e+000, 0.00000000e+000],\n",
       "       [3.81238329e-232, 2.88774740e-232, 1.36002936e-233,\n",
       "        3.98257356e-236, 7.25113128e-240, 8.20869592e-245,\n",
       "        5.77788652e-251, 2.52865912e-258, 6.88078527e-267,\n",
       "        1.16415863e-276, 1.22465218e-287, 8.01013423e-300,\n",
       "        3.25756634e-313, 0.00000000e+000, 0.00000000e+000,\n",
       "        0.00000000e+000, 0.00000000e+000, 0.00000000e+000,\n",
       "        0.00000000e+000, 0.00000000e+000],\n",
       "       [2.15321791e-256, 1.63098748e-256, 7.68138815e-258,\n",
       "        2.24934066e-260, 4.09540819e-264, 4.63623665e-269,\n",
       "        3.26332580e-275, 1.42817595e-282, 3.88623834e-291,\n",
       "        6.57511857e-301, 6.91678355e-312, 0.00000000e+000,\n",
       "        0.00000000e+000, 0.00000000e+000, 0.00000000e+000,\n",
       "        0.00000000e+000, 0.00000000e+000, 0.00000000e+000,\n",
       "        0.00000000e+000, 0.00000000e+000],\n",
       "       [7.56146333e-282, 5.72754479e-282, 2.69747593e-283,\n",
       "        7.89901793e-286, 1.43818601e-289, 1.62810894e-294,\n",
       "        1.14598333e-300, 5.01533076e-308, 1.36473174e-316,\n",
       "        0.00000000e+000, 0.00000000e+000, 0.00000000e+000,\n",
       "        0.00000000e+000, 0.00000000e+000, 0.00000000e+000,\n",
       "        0.00000000e+000, 0.00000000e+000, 0.00000000e+000,\n",
       "        0.00000000e+000, 0.00000000e+000],\n",
       "       [1.65101172e-308, 1.25058380e-308, 5.88981811e-310,\n",
       "        1.72471526e-312, 3.14021494e-316, 3.55727265e-321,\n",
       "        0.00000000e+000, 0.00000000e+000, 0.00000000e+000,\n",
       "        0.00000000e+000, 0.00000000e+000, 0.00000000e+000,\n",
       "        0.00000000e+000, 0.00000000e+000, 0.00000000e+000,\n",
       "        0.00000000e+000, 0.00000000e+000, 0.00000000e+000,\n",
       "        0.00000000e+000, 0.00000000e+000],\n",
       "       [0.00000000e+000, 0.00000000e+000, 0.00000000e+000,\n",
       "        0.00000000e+000, 0.00000000e+000, 0.00000000e+000,\n",
       "        0.00000000e+000, 0.00000000e+000, 0.00000000e+000,\n",
       "        0.00000000e+000, 0.00000000e+000, 0.00000000e+000,\n",
       "        0.00000000e+000, 0.00000000e+000, 0.00000000e+000,\n",
       "        0.00000000e+000, 0.00000000e+000, 0.00000000e+000,\n",
       "        0.00000000e+000, 0.00000000e+000],\n",
       "       [0.00000000e+000, 0.00000000e+000, 0.00000000e+000,\n",
       "        0.00000000e+000, 0.00000000e+000, 0.00000000e+000,\n",
       "        0.00000000e+000, 0.00000000e+000, 0.00000000e+000,\n",
       "        0.00000000e+000, 0.00000000e+000, 0.00000000e+000,\n",
       "        0.00000000e+000, 0.00000000e+000, 0.00000000e+000,\n",
       "        0.00000000e+000, 0.00000000e+000, 0.00000000e+000,\n",
       "        0.00000000e+000, 0.00000000e+000],\n",
       "       [0.00000000e+000, 0.00000000e+000, 0.00000000e+000,\n",
       "        0.00000000e+000, 0.00000000e+000, 0.00000000e+000,\n",
       "        0.00000000e+000, 0.00000000e+000, 0.00000000e+000,\n",
       "        0.00000000e+000, 0.00000000e+000, 0.00000000e+000,\n",
       "        0.00000000e+000, 0.00000000e+000, 0.00000000e+000,\n",
       "        0.00000000e+000, 0.00000000e+000, 0.00000000e+000,\n",
       "        0.00000000e+000, 0.00000000e+000],\n",
       "       [0.00000000e+000, 0.00000000e+000, 0.00000000e+000,\n",
       "        0.00000000e+000, 0.00000000e+000, 0.00000000e+000,\n",
       "        0.00000000e+000, 0.00000000e+000, 0.00000000e+000,\n",
       "        0.00000000e+000, 0.00000000e+000, 0.00000000e+000,\n",
       "        0.00000000e+000, 0.00000000e+000, 0.00000000e+000,\n",
       "        0.00000000e+000, 0.00000000e+000, 0.00000000e+000,\n",
       "        0.00000000e+000, 0.00000000e+000],\n",
       "       [0.00000000e+000, 0.00000000e+000, 0.00000000e+000,\n",
       "        0.00000000e+000, 0.00000000e+000, 0.00000000e+000,\n",
       "        0.00000000e+000, 0.00000000e+000, 0.00000000e+000,\n",
       "        0.00000000e+000, 0.00000000e+000, 0.00000000e+000,\n",
       "        0.00000000e+000, 0.00000000e+000, 0.00000000e+000,\n",
       "        0.00000000e+000, 0.00000000e+000, 0.00000000e+000,\n",
       "        0.00000000e+000, 0.00000000e+000],\n",
       "       [0.00000000e+000, 0.00000000e+000, 0.00000000e+000,\n",
       "        0.00000000e+000, 0.00000000e+000, 0.00000000e+000,\n",
       "        0.00000000e+000, 0.00000000e+000, 0.00000000e+000,\n",
       "        0.00000000e+000, 0.00000000e+000, 0.00000000e+000,\n",
       "        0.00000000e+000, 0.00000000e+000, 0.00000000e+000,\n",
       "        0.00000000e+000, 0.00000000e+000, 0.00000000e+000,\n",
       "        0.00000000e+000, 0.00000000e+000],\n",
       "       [0.00000000e+000, 0.00000000e+000, 0.00000000e+000,\n",
       "        0.00000000e+000, 0.00000000e+000, 0.00000000e+000,\n",
       "        0.00000000e+000, 0.00000000e+000, 0.00000000e+000,\n",
       "        0.00000000e+000, 0.00000000e+000, 0.00000000e+000,\n",
       "        0.00000000e+000, 0.00000000e+000, 0.00000000e+000,\n",
       "        0.00000000e+000, 0.00000000e+000, 0.00000000e+000,\n",
       "        0.00000000e+000, 0.00000000e+000],\n",
       "       [0.00000000e+000, 0.00000000e+000, 0.00000000e+000,\n",
       "        0.00000000e+000, 0.00000000e+000, 0.00000000e+000,\n",
       "        0.00000000e+000, 0.00000000e+000, 0.00000000e+000,\n",
       "        0.00000000e+000, 0.00000000e+000, 0.00000000e+000,\n",
       "        0.00000000e+000, 0.00000000e+000, 0.00000000e+000,\n",
       "        0.00000000e+000, 0.00000000e+000, 0.00000000e+000,\n",
       "        0.00000000e+000, 0.00000000e+000],\n",
       "       [0.00000000e+000, 0.00000000e+000, 0.00000000e+000,\n",
       "        0.00000000e+000, 0.00000000e+000, 0.00000000e+000,\n",
       "        0.00000000e+000, 0.00000000e+000, 0.00000000e+000,\n",
       "        0.00000000e+000, 0.00000000e+000, 0.00000000e+000,\n",
       "        0.00000000e+000, 0.00000000e+000, 0.00000000e+000,\n",
       "        0.00000000e+000, 0.00000000e+000, 0.00000000e+000,\n",
       "        0.00000000e+000, 0.00000000e+000],\n",
       "       [0.00000000e+000, 0.00000000e+000, 0.00000000e+000,\n",
       "        0.00000000e+000, 0.00000000e+000, 0.00000000e+000,\n",
       "        0.00000000e+000, 0.00000000e+000, 0.00000000e+000,\n",
       "        0.00000000e+000, 0.00000000e+000, 0.00000000e+000,\n",
       "        0.00000000e+000, 0.00000000e+000, 0.00000000e+000,\n",
       "        0.00000000e+000, 0.00000000e+000, 0.00000000e+000,\n",
       "        0.00000000e+000, 0.00000000e+000],\n",
       "       [0.00000000e+000, 0.00000000e+000, 0.00000000e+000,\n",
       "        0.00000000e+000, 0.00000000e+000, 0.00000000e+000,\n",
       "        0.00000000e+000, 0.00000000e+000, 0.00000000e+000,\n",
       "        0.00000000e+000, 0.00000000e+000, 0.00000000e+000,\n",
       "        0.00000000e+000, 0.00000000e+000, 0.00000000e+000,\n",
       "        0.00000000e+000, 0.00000000e+000, 0.00000000e+000,\n",
       "        0.00000000e+000, 0.00000000e+000],\n",
       "       [0.00000000e+000, 0.00000000e+000, 0.00000000e+000,\n",
       "        0.00000000e+000, 0.00000000e+000, 0.00000000e+000,\n",
       "        0.00000000e+000, 0.00000000e+000, 0.00000000e+000,\n",
       "        0.00000000e+000, 0.00000000e+000, 0.00000000e+000,\n",
       "        0.00000000e+000, 0.00000000e+000, 0.00000000e+000,\n",
       "        0.00000000e+000, 0.00000000e+000, 0.00000000e+000,\n",
       "        0.00000000e+000, 0.00000000e+000],\n",
       "       [0.00000000e+000, 0.00000000e+000, 0.00000000e+000,\n",
       "        0.00000000e+000, 0.00000000e+000, 0.00000000e+000,\n",
       "        0.00000000e+000, 0.00000000e+000, 0.00000000e+000,\n",
       "        0.00000000e+000, 0.00000000e+000, 0.00000000e+000,\n",
       "        0.00000000e+000, 0.00000000e+000, 0.00000000e+000,\n",
       "        0.00000000e+000, 0.00000000e+000, 0.00000000e+000,\n",
       "        0.00000000e+000, 0.00000000e+000],\n",
       "       [0.00000000e+000, 0.00000000e+000, 0.00000000e+000,\n",
       "        0.00000000e+000, 0.00000000e+000, 0.00000000e+000,\n",
       "        0.00000000e+000, 0.00000000e+000, 0.00000000e+000,\n",
       "        0.00000000e+000, 0.00000000e+000, 0.00000000e+000,\n",
       "        0.00000000e+000, 0.00000000e+000, 0.00000000e+000,\n",
       "        0.00000000e+000, 0.00000000e+000, 0.00000000e+000,\n",
       "        0.00000000e+000, 0.00000000e+000],\n",
       "       [0.00000000e+000, 0.00000000e+000, 0.00000000e+000,\n",
       "        0.00000000e+000, 0.00000000e+000, 0.00000000e+000,\n",
       "        0.00000000e+000, 0.00000000e+000, 0.00000000e+000,\n",
       "        0.00000000e+000, 0.00000000e+000, 0.00000000e+000,\n",
       "        0.00000000e+000, 0.00000000e+000, 0.00000000e+000,\n",
       "        0.00000000e+000, 0.00000000e+000, 0.00000000e+000,\n",
       "        0.00000000e+000, 0.00000000e+000],\n",
       "       [0.00000000e+000, 0.00000000e+000, 0.00000000e+000,\n",
       "        0.00000000e+000, 0.00000000e+000, 0.00000000e+000,\n",
       "        0.00000000e+000, 0.00000000e+000, 0.00000000e+000,\n",
       "        0.00000000e+000, 0.00000000e+000, 0.00000000e+000,\n",
       "        0.00000000e+000, 0.00000000e+000, 0.00000000e+000,\n",
       "        0.00000000e+000, 0.00000000e+000, 0.00000000e+000,\n",
       "        0.00000000e+000, 0.00000000e+000]])"
      ]
     },
     "execution_count": 27,
     "metadata": {},
     "output_type": "execute_result"
    }
   ],
   "source": [
    "tactile(0.2, 0.2)"
   ]
  },
  {
   "cell_type": "code",
   "execution_count": null,
   "id": "77e8d14c",
   "metadata": {},
   "outputs": [],
   "source": []
  },
  {
   "cell_type": "code",
   "execution_count": null,
   "id": "d05e2fd5",
   "metadata": {},
   "outputs": [],
   "source": []
  }
 ],
 "metadata": {
  "kernelspec": {
   "display_name": "Python 3 (ipykernel)",
   "language": "python",
   "name": "python3"
  },
  "language_info": {
   "codemirror_mode": {
    "name": "ipython",
    "version": 3
   },
   "file_extension": ".py",
   "mimetype": "text/x-python",
   "name": "python",
   "nbconvert_exporter": "python",
   "pygments_lexer": "ipython3",
   "version": "3.11.1"
  }
 },
 "nbformat": 4,
 "nbformat_minor": 5
}
